0	0
1	-6
2	2
3	11
4	17
5	15
6	13
7	16
8	13
9	13
10	12
11	10
12	6
13	8
14	16
15	24
16	27
17	21
18	17
19	11
20	7
21	7
22	7
23	7
24	7
25	8
26	16
27	19
28	13
29	7
30	1
31	-6
32	-8
33	-5
34	-11
35	-12
36	-4
37	2
38	2
39	1
40	-5
41	-9
42	-7
43	1
44	9
45	12
46	9
47	8
48	6
49	2
50	2
51	2
52	2
53	2
54	2
55	5
56	13
57	99
58	105
59	108
60	120
61	131
62	135
63	129
64	122
65	115
66	109
67	102
68	99
69	99
70	100
71	103
72	99
73	99
74	101
75	104
76	98
77	98
78	98
79	97
80	96
81	105
82	108
83	102
84	95
85	94
86	100
87	100
88	98
89	94
90	97
91	103
92	101
93	95
94	89
95	92
96	98
97	99
98	99
99	99
100	102
101	110
102	119
103	127
104	213
105	219
106	223
107	235
108	246
109	255
110	258
111	256
112	259
113	253
114	247
115	241
116	239
117	233
118	226
119	219
120	212
121	205
122	198
123	194
124	196
125	203
126	203
127	203
128	204
129	212
130	218
131	212
132	205
133	198
134	197
135	203
136	203
137	203
138	203
139	203
140	205
141	213
142	221
143	224
144	218
145	212
146	206
147	206
148	206
149	206
150	206
151	206
152	208
153	216
154	222
155	219
156	219
157	219
158	219
159	220
160	223
161	231
162	240
163	248
164	331
165	337
166	336
167	330
168	323
169	316
170	309
171	303
172	302
173	302
174	302
175	302
176	304
177	310
178	313
179	321
180	330
181	333
182	326
183	320
184	313
185	306
186	299
187	292
188	291
189	299
190	302
191	296
192	292
193	292
194	292
195	292
196	292
197	295
198	301
199	300
200	306
201	304
202	300
203	300
204	300
205	301
206	308
207	316
208	325
209	333
210	418
211	64
212	64
213	61
214	64
215	62
216	58
217	58
218	59
219	65
220	68
221	76
222	82
223	76
224	73
225	76
226	70
227	63
228	56
229	49
