0	0
1	-6
2	-6
3	-6
4	-5
5	-2
6	6
7	15
8	18
9	12
10	10
11	3
12	-3
13	-10
14	-11
15	-3
16	1
17	1
18	3
19	11
20	19
21	28
22	31
23	25
24	22
25	15
26	9
27	2
28	-5
29	-12
30	-14
31	-6
32	0
33	-2
34	-8
35	-15
36	-16
37	-10
38	-7
39	2
40	5
41	-1
42	-4
43	-1
44	-2
45	4
46	4
47	4
48	5
49	7
50	16
51	24
52	123
53	129
54	128
55	121
56	115
57	109
58	109
59	110
60	116
61	114
62	111
63	113
64	121
65	129
66	132
67	129
68	127
69	121
70	115
71	108
72	104
73	106
74	113
75	121
76	130
77	133
78	126
79	125
80	128
81	124
82	124
83	125
84	127
85	133
86	136
87	139
88	133
89	126
90	120
91	121
92	124
93	118
94	112
95	105
96	99
97	93
98	92
99	100
100	106
101	106
102	106
103	109
104	117
105	125
106	229
107	235
108	237
109	246
110	255
111	258
112	251
113	244
114	238
115	231
116	225
117	222
118	222
119	223
120	229
121	229
122	229
123	229
124	227
125	221
126	221
127	224
128	230
129	230
130	228
131	222
132	220
133	226
134	225
135	219
136	222
137	225
138	219
139	219
140	220
141	223
142	217
143	210
144	206
145	208
146	216
147	222
148	222
149	223
150	226
151	234
152	242
153	250
154	349
155	355
156	357
157	6
158	14
159	20
160	14
161	13
162	16
163	10
164	3
165	-3
166	-10
167	-16
168	-19
169	-23
170	-23
171	-23
172	-23
173	-23
174	-23
175	-23
176	-21
177	-13
178	-10
179	-16
180	-22
181	-29
182	-36
183	-40
184	-40
185	-38
186	-32
187	-32
188	-29
189	-21
190	-13
191	-7
192	-9
193	-15
194	-19
195	-19
196	-19
197	-19
198	-19
199	-19
200	-19
201	-19
202	-18
203	-15
204	-18
205	-18
206	-18
207	-18
208	-18
209	-15
210	-7
211	1
212	10
213	18
214	122
215	128
216	127
217	121
218	114
219	107
220	103
221	103
222	103
223	103
224	105
225	114
226	122
227	131
228	140
229	148
