0	0
1	0
2	3
3	-2
4	-7
5	-11
6	-11
7	-6
8	-6
9	-7
10	-7
11	-9
12	-10
13	-7
14	-10
15	-3
16	0
17	-5
18	-9
19	-6
20	-3
21	-8
22	-14
23	-18
24	-11
25	-3
26	5
27	8
28	3
29	1
30	4
31	-1
32	-2
33	3
34	6
35	1
36	-5
37	-10
38	-15
39	-14
40	-7
41	0
42	3
43	-2
44	-3
45	4
46	9
47	9
48	9
49	11
50	18
51	25
52	33
53	40
54	48
55	132
56	137
57	137
58	131
59	125
60	120
61	118
62	112
63	107
64	101
65	95
66	89
67	84
68	80
69	81
70	83
71	88
72	86
73	80
74	79
75	89
76	153
77	147
78	142
79	136
80	130
81	124
82	117
83	112
84	106
85	100
86	94
87	88
88	84
89	84
90	84
91	84
92	84
93	84
94	84
95	84
96	84
97	84
98	84
99	84
100	84
101	84
102	164
103	169
104	170
105	178
106	186
107	193
108	196
109	190
110	187
111	190
112	185
113	181
114	179
115	175
116	178
117	185
118	190
119	188
120	182
121	178
122	178
123	178
124	178
125	181
126	186
127	184
128	180
129	180
130	180
131	180
132	183
133	186
134	181
135	178
136	178
137	178
138	178
139	181
140	186
141	186
142	186
143	189
144	196
145	203
146	210
147	293
148	298
149	298
150	292
151	286
152	280
153	275
154	273
155	268
156	264
157	272
158	280
159	283
160	278
161	279
162	283
163	281
164	276
165	273
166	273
167	272
168	274
169	277
170	276
171	283
172	288
173	286
174	280
175	276
176	272
177	271
178	279
179	286
180	289
181	284
182	283
183	288
184	287
185	289
186	284
187	282
188	285
189	279
190	274
191	276
192	283
193	288
194	288
195	290
196	297
197	305
198	313
199	320
200	44
201	49
202	48
203	42
204	37
205	31
206	25
207	19
208	13
209	7
210	2
211	-2
212	0
213	5
214	3
215	-1
216	-3
217	-4
218	3
219	7
220	2
221	4
222	7
223	2
224	0
225	7
226	10
227	5
228	5
229	3
