0	0
1	0
2	-4
3	-6
4	-10
5	-10
6	-9
7	-2
8	6
9	13
10	17
11	12
12	8
13	7
14	7
15	7
16	8
17	14
18	18
19	25
20	32
21	35
22	30
23	24
24	19
25	13
26	7
27	2
28	0
29	5
30	0
31	-4
32	-2
33	5
34	10
35	8
36	5
37	12
38	15
39	10
40	4
41	-2
42	-4
43	3
44	6
45	3
46	3
47	3
48	6
49	13
50	20
51	105
52	110
53	112
54	120
55	123
56	118
57	112
58	108
59	108
60	107
61	104
62	100
63	100
64	102
65	110
66	117
67	120
68	115
69	111
70	109
71	104
72	99
73	99
74	104
75	107
76	114
77	120
78	123
79	128
80	126
81	120
82	117
83	114
84	111
85	111
86	111
87	111
88	110
89	105
90	101
91	101
92	102
93	105
94	112
95	115
96	110
97	104
98	99
99	95
100	97
101	102
102	102
103	103
104	104
105	107
106	114
107	198
108	203
109	207
110	217
111	226
112	231
113	226
114	222
115	217
116	211
117	205
118	201
119	203
120	206
121	200
122	199
123	206
124	209
125	204
126	202
127	207
128	205
129	201
130	201
131	202
132	202
133	202
134	205
135	210
136	209
137	204
138	200
139	202
140	209
141	212
142	207
143	202
144	201
145	202
146	201
147	201
148	201
149	201
150	201
151	204
152	211
153	219
154	226
155	310
156	315
157	317
158	325
159	333
160	340
161	345
162	339
163	334
164	328
165	322
166	316
167	315
168	319
169	319
170	317
171	313
172	313
173	313
174	313
175	313
176	313
177	313
178	314
179	317
180	322
181	320
182	314
183	308
184	302
185	297
186	296
187	303
188	308
189	308
190	310
191	316
192	319
193	314
194	308
195	302
196	297
197	294
198	301
199	306
200	306
201	306
202	306
203	307
204	310
205	317
206	317
207	317
208	319
209	326
210	334
211	341
212	349
213	356
214	364
215	371
216	453
217	458
218	458
219	457
220	452
221	447
222	447
223	445
224	440
225	434
226	432
227	434
228	429
229	422
