0	0	0
1	0	0
2	19.9269	1.66998
3	51.9099	2.15275
4	84.8131	-0.174433
5	118.188	-6.66194
6	152.842	-11.4499
7	184.666	-14.7948
8	219.475	-18.4533
9	255.206	-22.8406
10	289.945	-27.1061
11	324.745	-30.6817
12	356.543	-34.0318
13	388.446	-36.3384
14	423.178	-40.5209
15	456.144	-39.8819
16	486.1	-38.4767
17	520.064	-39.6368
18	553.645	-44.9555
19	587.598	-46.0018
20	618.586	-46.1234
21	652.443	-49.0594
22	684.817	-55.3791
23	716.672	-63.9418
24	748.407	-67.8463
25	778.383	-67.4609
26	808.99	-62.6892
27	839.431	-56.8958
28	873.226	-53.3176
29	905.08	-50.5388
30	936.837	-46.7155
31	969.803	-45.5906
32	1002.75	-44.3765
33	1033.58	-41.2583
34	1065.19	-36.329
35	1099.09	-33.9325
36	1132.05	-35.1099
37	1165.54	-41.014
38	1197.41	-49.555
39	1231.37	-58.0223
40	1263.27	-60.3288
41	1293.19	-58.3751
42	1324.02	-55.2569
43	1358	-54.6378
44	1389.97	-54.0877
45	1421.63	-49.6456
46	1453.24	-44.6397
47	1487.81	-39.1645
48	1522.38	-33.6893
49	1557.71	-26.8201
50	1586.46	-15.2857
51	1613.59	-0.333655
52	1638.38	18.2485
53	1660.71	39.7126
54	1679.84	64.0762
55	1679.84	64.0762
56	1697.16	46.0671
57	1695.7	47.4265
58	1676.43	67.7283
59	1656.79	92.9805
60	1640.79	120.693
61	1622.14	151.463
62	1608.23	181.369
63	1596.97	212.374
64	1589.01	244.386
65	1584.45	277.054
66	1583.32	310.02
67	1585.08	343.959
68	1590.81	376.457
69	1596.44	412.014
70	1600.7	446.753
71	1601.82	478.734
72	1602.35	513.712
73	1606.4	546.449
74	1610.3	578.184
75	1610.88	611.179
76	1326.23	614.111
77	1296.78	631.081
78	1269.78	650.022
79	1244.9	671.682
80	1221.71	696.518
81	1201.88	722.878
82	1182.66	755.633
83	1168.27	786.422
84	1157.56	817.619
85	1150.16	849.765
86	1146	883.492
87	1145.3	918.468
88	1148.86	952.282
89	1152.62	988.085
90	1156.28	1022.89
91	1160.04	1058.7
92	1163.7	1093.5
93	1167.36	1128.31
94	1171.12	1164.11
95	1174.78	1198.92
96	1178.54	1234.73
97	1182.31	1270.53
98	1185.96	1305.34
99	1189.73	1341.14
100	1193.39	1375.95
101	1197.15	1411.75
102	1197.15	1411.75
103	1218.51	1406.53
104	1217.53	1406.7
105	1191.55	1406.14
106	1162.97	1401.3
107	1134.26	1392.66
108	1104.92	1382.69
109	1071.82	1375.02
110	1039.33	1369.32
111	1006.83	1363.59
112	974.162	1359.02
113	940.167	1358.43
114	905.209	1357.13
115	871.338	1360.09
116	837.395	1358.77
117	806.788	1354
118	777.244	1348.79
119	740.983	1341.53
120	708.121	1338.68
121	674.141	1339.87
122	639.163	1341.09
123	604.184	1342.31
124	569.205	1343.53
125	534.392	1340.27
126	501.573	1336.82
127	466.861	1332.47
128	433.861	1332.47
129	397.861	1332.47
130	362.861	1332.47
131	327.861	1332.47
132	293.079	1328.74
133	262.454	1324.01
134	228.554	1321.61
135	197.573	1322.7
136	160.596	1323.99
137	125.617	1325.21
138	89.6388	1326.46
139	52.8556	1322.85
140	21.0309	1319.51
141	-16.7609	1315.53
142	-51.5692	1311.88
143	-85.5892	1303.8
144	-114.723	1293.27
145	-142.357	1279.28
146	-168.08	1262.02
147	-168.08	1262.02
148	-178.595	1284.68
149	-177.651	1282.92
150	-165.126	1255.67
151	-154.784	1225.41
152	-147.662	1194.22
153	-144.699	1160.35
154	-140.961	1125.57
155	-142.147	1091.59
156	-143.76	1048.65
157	-140.596	1017.84
158	-133.175	987.763
159	-124.751	957.942
160	-120.019	924.273
161	-114.544	889.704
162	-107.57	859.498
163	-98.73	824.62
164	-93.5959	792.037
165	-91.9211	760.081
166	-90.037	724.13
167	-88.7807	688.152
168	-84.4365	653.44
169	-79.3911	623.879
170	-73.6031	591.419
171	-64.2623	560.839
172	-54.9918	532.308
173	-43.1453	498.333
174	-35.7508	466.187
175	-30.8216	434.582
176	-27.9729	401.72
177	-24.8736	367.893
178	-17.6887	336.736
179	-7.56493	308.519
180	3.93055	279.742
181	13.5494	248.19
182	23.2501	216.678
183	34.6426	186.789
184	44.5832	154.274
185	55.6646	126.408
186	65.6255	93.9165
187	72.4865	61.6376
188	81.0276	29.7621
189	88.6453	-5.40332
190	90.9473	-38.3229
191	96.5001	-72.862
192	105.485	-102.507
193	115.065	-131.99
194	126.189	-166.228
195	140.133	-197.203
196	156.023	-223.794
197	175.458	-247.914
198	198.062	-269.095
199	223.078	-287.363
200	223.078	-287.363
201	205.685	-305.303
202	207.682	-303.064
203	226.961	-284.173
204	251.513	-263.67
205	278.873	-245.247
206	307.151	-230.297
207	338.651	-217.542
208	370.366	-208.475
209	405.776	-202.09
210	438.638	-199.241
211	472.617	-200.428
212	507.482	-197.77
213	539.36	-194.981
214	574.143	-191.243
215	608.137	-191.836
216	643.12	-191.755
217	675.094	-191.763
218	705.849	-188.062
219	736.387	-182.801
220	770.366	-181.614
221	805.078	-177.27
222	835.616	-172.009
223	870.595	-170.788
224	903.595	-170.788
225	934.133	-165.526
226	963.389	-158.941
227	997.26	-155.977
228	1033.12	-152.84
229	1067.91	-149.102
230	1100.89	-148.553
