0	0	0
1	47.6523	0
2	62.5952	1.30734
3	87.5914	1.74365
4	112.588	2.17996
5	138.584	2.63372
6	165.58	3.10493
7	191.576	3.5587
8	218.571	4.02991
9	244.568	4.48367
10	271.563	4.95489
11	298.559	5.4261
12	324.555	5.87987
13	350.551	6.33363
14	377.547	6.80484
15	403.543	7.25861
16	430.539	7.72982
17	456.535	8.18358
18	483.531	8.6548
19	509.527	9.10856
20	536.523	9.57978
21	562.519	10.0335
22	589.515	10.5048
23	615.511	10.9585
24	642.507	11.4297
25	668.503	11.8835
26	695.499	12.3547
27	721.495	12.8085
28	748.491	13.2797
29	774.487	13.7335
30	801.483	14.2047
31	827.479	14.6584
32	854.475	15.1296
33	880.442	15.1481
34	903.271	17.9511
35	903.271	17.9511
36	906.881	19.4048
37	906.674	19.4063
38	903.241	19.9031
39	902.089	41.873
40	900.73	42.9272
41	901.603	67.912
42	902.51	93.8961
43	903.417	119.88
44	904.36	146.864
45	905.302	173.847
46	906.209	199.832
47	907.117	225.816
48	908.059	252.799
49	908.966	278.783
50	909.909	305.767
51	910.816	331.751
52	911.758	358.735
53	912.666	384.719
54	913.608	411.702
55	914.516	437.687
56	915.458	464.67
57	916.365	490.654
58	946.346	491.716
59	971.282	491.764
60	970.283	491.764
61	953.339	491.72
62	934.021	486.543
63	907.244	478.357
64	885.268	478.115
65	861.677	477.673
66	840.892	477.427
67	819.755	476.978
68	800.529	476.612
69	779.122	476.109
70	756.869	475.666
71	733.713	475.3
72	709.83	475.015
73	685.424	474.733
74	662.866	474.575
75	640.687	474.278
76	618.389	474.078
77	594.382	473.809
78	569.89	473.55
79	548.257	473.367
80	526.185	473.051
81	504.878	472.741
82	483.885	472.405
83	460.438	471.941
84	438.728	471.567
85	418.612	460.416
86	395.896	459.904
