0	0	0
1	0	0
2	31.9697	1.04088
3	67.7725	-2.72215
4	108.548	-7.00781
5	149.494	-6.93149
6	185.472	-5.67511
7	226.308	-2.33895
8	265.27	-3.36502
9	302.693	-9.96365
10	343.544	-12.7437
11	380.521	-14.035
12	421.476	-12.8406
13	460.185	-17.5935
14	501.126	-18.2318
15	536.859	-14.1706
16	571.183	-7.41573
17	609.98	-3.68584
18	648.955	-4.03177
19	686.487	-9.97628
20	728.38	-12.0022
21	764.233	-9.19055
22	799.749	-3.42367
23	837.659	-1.17007
24	876.598	-2.87598
25	914.881	-10.3175
26	955.678	-13.8102
27	991.607	-12.2515
28	1026.85	-5.09139
29	1060.46	4.62936
30	1098.78	11.7264
31	1137.64	14.7787
32	1176.49	11.3796
33	1217.33	7.8062
34	1258.25	9.31145
35	1294.2	11.1955
36	1334.89	15.9548
37	1374.87	16.3602
38	1411.79	14.818
39	1448.58	18.4301
40	1484.23	23.4404
41	1524.83	29.1465
42	1564.36	39.8177
43	1598.48	54.0264
44	1628.34	72.223
45	1655.69	95.5717
46	1655.69	95.5717
47	1671.14	81.358
48	1671.14	81.358
49	1649.32	101.93
50	1626.08	129.403
51	1605.18	161.108
52	1587.79	195.992
53	1575.18	231.813
54	1566.74	269.866
55	1563.17	307.675
56	1564.2	346.637
57	1567.02	384.489
58	1564.69	421.376
59	1560.93	457.178
60	1554.05	497.568
61	1553.37	536.562
62	1552.65	577.556
63	1551.94	618.55
64	1545.93	660.059
65	1536.33	694.717
66	1524.29	727.562
67	1514.54	765.298
68	1511.14	804.15
69	1503.25	844.329
70	1494.93	880.38
71	1483.86	919.829
72	1479.23	957.546
73	1474.23	998.241
74	1469.23	1038.93
75	1458.92	1079.59
76	1447.67	1113.77
77	1439.52	1150.86
78	1437.47	1189.8
79	1430.99	1230.23
80	1424.74	1265.69
81	1417.62	1306.06
82	1407.78	1348.91
83	1405.06	1387.82
84	1402.2	1428.72
85	1394.31	1468.9
86	1382.91	1503
87	1366.31	1534.91
88	1344.93	1563.82
89	1319.28	1589.04
90	1319.28	1589.04
91	1333.26	1601.9
92	1333.26	1601.9
93	1311.25	1583.04
94	1280.7	1562.19
95	1246.99	1544.72
96	1211.06	1532.34
97	1173.98	1514.97
98	1143.2	1494.51
99	1114.88	1473.94
100	1082.62	1447.1
101	1050.91	1426.19
102	1015.57	1409.71
103	980.509	1388.55
104	949.478	1368.4
105	918.161	1342.02
106	891.408	1317.94
107	862.777	1288.63
108	832.699	1263.84
109	800.634	1243.49
110	765.005	1227.63
111	729.584	1207.09
112	880.484	962.551
113	882.179	923.612
114	879.134	885.757
115	871.358	847.565
116	858.985	810.605
117	842.577	776.355
118	821.63	743.486
119	797.423	714.223
120	769.62	686.908
121	738.695	663.186
122	705.939	643.967
123	669.779	629.357
124	631.764	613.998
125	593.75	598.639
126	554.808	582.906
127	516.793	567.547
128	478.779	552.188
129	439.837	536.455
130	404.062	516.537
131	375.147	495.153
132	375.147	495.153
133	383.716	506.222
134	383.716	506.222
135	372.896	481.502
136	364.981	449.494
137	364.981	449.494
138	362.202	465.248
139	362.202	465.248
140	373.282	441.742
141	394.158	412.458
142	419.357	386.8
143	445.686	362.248
144	476.921	335.732
145	503.248	306.992
146	525.057	274.659
147	552.146	242.639
148	578.654	218.336
149	606.27	196.862
150	634.539	170.029
151	658.645	140.683
152	679.582	107.808
153	698.407	74.8485
154	720.962	45.5687
155	744.103	17.9911
156	772.394	-11.6448
157	796.117	-42.57
158	813.957	-76.122
159	837.55	-110.798
160	858.711	-139.923
161	886.691	-169.817
162	913.101	-194.253
163	937.645	-224.562
164	963.447	-256.425
165	992.454	-285.324
166	1018.78	-309.876
167	1050.48	-335.843
168	1077.79	-363.646
169	1101.51	-394.572
170	1123.14	-425.765
171	1147.43	-452.287
172	1172.88	-477.743
173	1206.04	-503.431
174	1237.02	-521.692
175	1269.52	-534.587
176	1304.63	-542.381
177	1304.63	-542.381
178	1289.18	-546.523
179	1289.18	-546.523
180	1311.63	-533.436
