0	0	0
1	0	0
2	0	0
3	0	0
4	0	0
5	0	0
6	0	0
7	-1.14715	1.6383
8	-12.0451	17.2022
9	-25.2374	36.0427
10	-40.1504	57.3406
11	-55.0633	78.6386
12	-69.9763	99.9365
13	-85.0745	122.321
14	-97.5745	143.971
15	-111.075	167.354
16	-124.075	189.871
17	-137.075	212.387
18	-150.575	235.77
19	-163.575	258.287
20	-177.075	281.669
21	-190.075	304.186
22	-203.575	327.569
23	-216.575	350.085
24	-230.075	373.468
25	-243.075	395.985
26	-256.575	419.367
27	-269.575	441.884
28	-283.075	465.267
29	-296.075	487.783
30	-309.575	511.166
31	-322.575	533.683
32	-336.075	557.065
33	-349.075	579.582
34	-362.575	602.965
35	-375.575	625.481
36	-389.075	648.864
37	-402.075	671.381
38	-415.575	694.763
39	-428.575	717.28
40	-442.481	740.424
41	-442.481	740.424
42	-442.481	740.424
43	-457.794	720.663
