0	318.026	-120.374
1	542.509	-328.607
2	357.965	-118.63
3	382.962	-118.194
4	408.958	-117.74
5	435.954	-117.269
6	461.95	-116.815
7	488.946	-116.344
8	514.942	-115.89
9	541.937	-115.419
10	568.933	-114.948
11	594.929	-114.494
12	620.925	-114.04
13	647.921	-113.569
14	767.542	-206.74
15	700.913	-112.644
16	726.909	-112.19
17	753.905	-111.719
18	779.901	-111.265
19	806.897	-110.794
20	832.893	-110.34
21	859.889	-109.869
22	885.885	-109.416
23	912.881	-108.944
24	929.96	-99.574
25	965.873	-108.019
26	991.869	-107.566
27	1018.86	-107.094
28	1035.94	-97.724
29	1067.4	-101.711
30	1088.94	-96.799
31	1111.47	-91.8695
32	1146.36	-100.768
33	1164.73	-93.5064
34	923.988	186.684
35	1308.27	215.446
36	1308.06	215.447
37	1175.26	187.747
38	1149.46	204.347
39	1172.75	210.772
40	1148.98	230.386
41	1149.89	256.37
42	1150.79	282.354
43	1164.06	312.023
44	1152.68	336.321
45	1153.58	362.305
46	1154.49	388.289
47	1161.59	416.616
48	1144.02	438.572
49	1157.28	468.241
50	1145.87	491.539
51	1183.77	526.579
52	1184.68	552.563
53	1160.98	574.176
54	1155.73	598.817
55	1162.83	627.144
56	1163.74	653.128
57	1116.24	497.649
58	769.8	583.531
59	761.231	593.617
60	751.857	583.487
61	664.417	669.082
62	656.563	635.682
63	627.018	645.526
64	550.443	715.683
65	567.504	665.009
66	482.03	750.288
67	504.434	694.451
68	475.457	704.034
69	453.205	703.59
70	430.049	703.225
71	508.347	566.783
72	480.157	571.543
73	457.599	571.386
74	355.945	676.988
75	337.432	671.745
76	377.762	585.748
77	368.408	565.318
78	339.206	575.221
79	230.089	690.889
80	220.136	675.451
81	210.496	659.987
82	255.172	568.751
83	150.201	679.32
84	130.085	668.169
85	130.077	637.4
