0	165	165
1	144.029	165.958
2	170.388	171.736
3	201.767	181.904
4	239.82	190.334
5	278.617	194.064
6	316.58	193.005
7	355.127	187.238
8	392.352	179.822
9	429.248	177.635
10	464.223	178.327
11	503.079	175.264
12	541.079	166.49
13	584.728	161.502
14	620.69	161.806
15	658.431	166.041
16	697.405	166.375
17	736.13	161.957
18	773.043	153.028
19	809.549	139.373
20	845.947	120.563
21	876.828	98.4559
22	909.469	69.0026
23	934.777	39.3614
24	955.714	6.48632
25	975.947	-34.781
26	988.952	-71.5232
27	997.382	-109.576
28	1001.11	-148.373
29	1000.05	-186.336
30	994.286	-224.883
31	986.87	-262.108
32	984.684	-299.004
33	988.121	-334.803
34	994.276	-369.239
35	997.328	-408.096
36	995.622	-447.034
37	992.138	-484.831
38	991.049	-521.794
39	986.027	-559.438
40	976.263	-597.171
41	962.283	-632.482
42	943.681	-666.732
43	921.574	-697.613
44	895.238	-726.345
45	865.597	-751.653
46	833.892	-772.56
47	799.008	-789.946
48	762.499	-803.59
49	725.555	-812.393
50	686.829	-816.799
51	647.855	-816.453
52	610.211	-811.432
53	572.313	-802.327
54	536.067	-791.061
55	591.326	-1205.67
56	591.326	-1205.67
57	632.075	-1422.41
