0	0	0
1	0	0
2	17.9816	0
3	37.8075	0.105907
4	59.9868	0.403301
5	81.2937	0.712803
6	105.105	1.24724
7	131.033	1.70584
8	156.956	2.01963
9	183.515	2.2173
10	210.417	2.29671
11	237.368	2.25699
12	264.074	2.09855
13	291.175	1.68674
14	318.309	1.39058
15	344.688	1.15389
16	370.307	0.66473
17	392.018	0.290639
18	415.381	0.0882777
19	441.939	-0.109401
20	468.25	-9.68596
21	494.528	-10.1047
22	518.004	-15.0946
23	540.482	-15.2663
24	567.764	-21.565
25	595.012	-21.8403
26	620.541	-30.6307
27	646.981	-31.0293
28	668.819	-31.3843
29	699.158	-31.7824
30	723.121	-31.8137
31	750.084	-31.7939
32	776.95	-31.8931
33	803.422	-32.1103
34	829.212	-32.4431
35	851.264	-32.932
36	876.78	-33.6243
37	899.71	-33.8873
38	925.388	-42.2308
39	953.878	-42.665
40	979.25	-51.8996
41	1005.5	-52.4818
42	1028.78	-58.2879
43	1055.92	-58.5841
44	1081.97	-58.8787
45	1104.33	-59.327
46	1126.54	-59.7957
47	1148.74	-60.0095
48	1174.94	-66.5414
49	1203.04	-66.8591
50	1226.07	-67.2039
51	1256.57	-67.8537
52	1279.27	-67.983
53	1306.2	-68.0426
54	1332.83	-68.2206
55	1358.36	-77.011
56	1385.75	-77.4385
57	1408.11	-77.8868
58	1429.4	-78.3173
59	1455.91	-83.4691
60	1483.39	-88.8118
61	1510.88	-94.1544
62	1539.44	-99.1902
63	1566.94	-99.4858
64	1589.68	-99.6457
65	1613.63	-99.6676
66	1636.47	-99.5474
67	1636.47	-99.5474
68	1646.56	-98.0798
69	1645.68	-98.0741
70	1637.8	-97.4414
71	1628.51	-96.7563
72	1615.85	-95.7511
73	1605.75	-94.6956
74	1599.14	-93.8309
75	1594.46	-92.7098
76	1594.46	-65.7098
77	1594.46	-37.7098
78	1594.96	-8.71423
79	1597.4	19.1792
80	1599.49	20.0754
81	1602	21.3196
82	1601.6	22.4684
83	1598.26	23.7073
84	1592.32	24.8172
85	1583.72	25.8826
86	1572.09	26.6693
87	1556.62	27.6019
88	1543.55	28.5975
89	1533.01	29.6454
90	1525.13	30.734
91	1519.98	31.8515
92	1520.51	61.847
93	1522.86	88.7442
94	1525.21	89.8783
95	1527.61	91.021
96	1527.19	91.9205
97	1525.78	93.0573
98	1527.29	94.8806
99	1528.5	95.7057
100	1530.45	123.637
101	1532.4	151.569
102	1534.36	179.501
103	1536.65	181.197
104	1537.45	182.345
105	1535.37	183.592
106	1530.59	184.4
107	1523.61	185.499
108	1519.86	186.388
109	1519.86	218.388
110	1519.86	246.388
111	1519.86	247.701
112	1522.79	275.548
113	1526.08	302.346
114	1528.88	303.166
115	1529.28	304.315
116	1525.11	327.951
117	1520.25	355.525
118	1515.4	357.202
119	1510.62	358.326
120	1502.82	359.508
121	1492.31	360.317
122	1479.24	361.313
123	1468.7	362.361
124	1460.82	363.449
125	1456.24	364.332
126	1452.35	365.545
127	1452.35	389.545
128	1452.35	391.37
129	1451.55	392.196
130	1451.08	419.192
131	1450.61	420.33
132	1453.05	448.224
133	1455.39	449.801
134	1456.65	451.05
135	1452.65	473.701
136	1447.63	475.499
137	1442.86	476.623
138	1435.38	477.709
139	1424.88	478.833
140	1412.37	479.797
141	1397.61	480.677
142	1380.09	481.53
143	1380.09	481.53
144	1391.34	480.426
145	1390.53	480.418
146	1383.73	479.686
147	1380.25	479.07
148	1377.44	477.938
149	1372.75	476.817
150	1365.32	475.723
151	1355.22	474.667
152	1342.56	473.662
153	1325.25	472.418
154	1307.93	471.206
155	1292.2	470.527
156	1274.14	450.462
157	1254.76	449.486
158	1238.1	448.839
159	1217.44	448.107
160	1195.09	447.471
161	1171.27	446.936
162	1145.6	438.593
163	1118.05	438.187
164	1091.85	431.655
165	1068.61	431.352
166	1047.16	431.056
167	1022.33	430.612
168	996.99	430.222
169	973.746	429.92
170	950.403	429.638
171	928.809	429.356
172	900.443	419.588
173	874.003	419.19
174	851.618	418.868
175	824.198	409.426
176	797.757	409.027
177	772.286	408.512
178	750.449	408.157
179	728.718	407.777
180	704.689	407.26
181	679.512	406.852
182	656.037	401.862
183	627.78	395.339
184	600.612	388.565
185	577.346	388.347
186	554.542	388.069
187	526.968	383.207
188	504.651	377.643
189	476.551	377.325
190	449.961	372.637
191	422.422	372.424
192	398.885	372.252
193	375.522	372.05
194	347.675	369.123
195	319.897	368.945
196	296.422	363.955
197	269.101	363.602
198	246.276	356.185
199	217.786	355.751
200	191.863	355.437
201	163.021	352.406
202	135.23	348.993
203	111.845	343.595
204	89.1528	335.781
205	62.6782	326.665
206	0.917789	487.194
207	429.451	651.209
208	842.058	851.949
209	842.058	851.949
210	567.514	831.598
