0	435.374	44.626
1	646.672	-132.581
2	504.243	43.3806
3	532.353	43.7491
4	541.094	65.7341
5	594.418	43.1363
6	630.609	42.6803
7	676.385	30.5389
8	717.303	32.0442
9	778.5	12.4732
10	855.636	24.5508
11	893.613	24.8172
12	918.858	32.7644
13	959.782	31.4117
14	1079.96	24.8903
15	1120.73	20.6046
16	1161.51	16.3189
17	1198.82	16.387
18	1248.51	3.18477
19	1280.37	7.8157
20	1330.06	-5.38656
21	1367.38	-5.31846
22	1412.61	-14.0624
23	1444.47	-9.4315
24	1485.24	-13.7172
25	1535.93	-27.024
26	1576.71	-31.3096
27	1621.94	-40.0536
28	1649.34	-30.9644
29	1700.19	-38.9797
30	1736.17	-37.7233
31	1821.52	-78.2579
32	1806.97	-26.7994
33	1852.33	-34.1178
34	1897.68	-41.4361
35	1947.5	-53.2127
36	1966.11	-33.7812
37	1990.15	-13.5839
38	2025.52	-7.03993
39	1818.93	241.555
40	2052.7	218.503
41	2040.45	216.815
42	2042.68	248.737
43	2045.4	287.642
44	2035.87	324.859
45	2051.12	369.442
46	1980.06	394.23
47	2054.93	451.303
48	2030.9	482.997
49	2025.7	520.689
50	2046.96	565.568
51	2373.56	714.664
52	2062.43	684.041
53	2016.42	709.799
54	2065.16	759.755
55	2081.25	798.243
56	2079.37	837.676
57	2089.82	879.794
58	2094.21	921.564
59	2080.01	958.311
60	2115.1	1005.8
61	2082.42	1038.52
62	2099.03	1081.98
63	2109.58	1125.09
64	2120.03	1167.21
65	2118.15	1206.64
66	2116.28	1246.08
67	2120.67	1287.85
68	2125.27	1331.61
69	2135.71	1373.72
70	2129.48	1413.33
71	2202.11	1466.42
72	2179.58	1503.16
73	2137.52	1531.72
74	2144.29	1570.13
75	2145.25	1609.17
76	2146.21	1648.2
77	2147.17	1687.23
78	2125.31	1722.71
79	2122.34	1759.56
80	2101.63	1791.84
81	2085.43	1597.28
82	1908.6	1857.91
83	1908.6	1857.91
84	1711.78	1730.85
85	1659.94	1753.77
86	1596.92	1776.84
87	1474.73	1764.78
88	1449.1	1740.32
89	1401.75	1746.22
90	1363.76	1736.79
91	1330.56	1722.42
92	1274.59	1732.99
93	1204.56	1706.19
94	1151.1	1719.27
95	1132.16	1691.14
96	1109.36	1669.82
97	1053.99	1688.87
98	931.469	1672.57
99	914.395	1638.13
100	855.437	1654.75
101	802.554	1671.5
102	622.34	1845.98
103	725.014	1652.54
104	712.602	1614.87
105	712.493	1563.95
106	631.101	1623.21
107	616.194	1581.18
108	565.891	1593.74
109	497.874	1629.84
110	482.705	1597.12
111	377.724	1684.66
112	337.119	1679.19
113	362.493	1592.45
114	346.345	1565.26
115	502.24	1667.11
116	253.811	1594.83
117	187.584	1633.29
118	169.597	1598.28
119	130.62	1599.64
120	104.784	1580.9
121	63.8085	1582.33
122	34.3215	1564.27
123	252.578	1272.35
124	16.0616	1339.14
125	16.0616	1339.14
126	4.602	1306.24
127	-6.6482	1267.34
128	26.2236	1228.66
129	46.5191	1189.07
130	16.509	1145.79
131	17.9748	1103.82
132	43.32	1064.77
133	38.3095	947.947
134	54.3721	909.019
135	51.6574	867.715
136	55.3179	825.875
137	84.044	786.87
138	73.0672	745.312
139	92.5961	630.909
140	99.5474	593.374
141	100.263	552.38
142	130.695	512.612
143	502.809	110.227
144	913.04	568.575
